1	0.27515
2	0.28955223880597
3	0.3181
4	0.3431
5	0.33515
6	0.33475
7	0.3375
8	0.363781094527363
9	0.37165
10	0.37089552238806
11	0.37855
12	0.3941
13	0.40405
14	0.4119
15	0.44044776119403
16	0.4466
17	0.4563
18	0.472885572139304
19	0.47485
20	0.47535
21	0.48265
22	0.48895
23	0.499154228855722
24	0.4991
25	0.501840796019901
26	0.51495
27	0.513233830845771
28	0.513731343283582
29	0.5205
30	0.5185
31	0.51615
32	0.514925373134329
33	0.525373134328359
34	0.5281
35	0.538706467661692
36	0.5337
37	0.54155
38	0.5383
39	0.546567164179104
40	0.545820895522388
41	0.550049751243781
42	0.55075
43	0.5582
44	0.55345
45	0.559054726368159
46	0.5619
47	0.56105
48	0.5673
49	0.574328358208955
50	0.57955223880597
51	0.585
52	0.5882
53	0.58925
54	0.5874
55	0.593099999999999
56	0.59205
57	0.59405
58	0.595124378109452
59	0.59735
60	0.596
61	0.60505
62	0.607213930348259
63	0.6072
64	0.6095
65	0.6139
66	0.615422885572139
67	0.610799999999999
68	0.60805
69	0.608
70	0.60395
71	0.618706467661692
72	0.62035
73	0.6263
74	0.6334
75	0.639751243781095
76	0.6502
77	0.648208955223881
78	0.6492
79	0.6547
80	0.6591
81	0.6585
82	0.6579
83	0.65245
84	0.655
85	0.657213930348259
86	0.657150000000001
87	0.662089552238806
88	0.65795
89	0.65925
90	0.66545
91	0.66795
92	0.6677
93	0.6726
94	0.675522388059702
95	0.676417910447761
96	0.673582089552239
97	0.6762
98	0.67635
99	0.68185
100	0.681592039800995
101	0.6844
102	0.68175
103	0.6782
104	0.68545
105	0.68825
106	0.68955
107	0.698109452736319
108	0.694899999999999
109	0.69855
110	0.7016
111	0.702437810945273
112	0.7071
113	0.707910447761194
114	0.7094
115	0.7082
116	0.709800000000001
117	0.7162
118	0.7188
119	0.7194
120	0.717014925373134
121	0.72465
122	0.721999999999999
123	0.723283582089552
124	0.72345
125	0.7258
126	0.727
127	0.7276
128	0.7254
129	0.72585
130	0.727
131	0.728557213930348
132	0.72675
133	0.723899999999999
134	0.7248
135	0.7221
136	0.72065
137	0.72135
138	0.7181
139	0.7172
140	0.711741293532338
141	0.712950000000001
142	0.7125
143	0.71265
144	0.71425
145	0.718599999999999
146	0.718849999999999
147	0.7199
148	0.72095
149	0.7219
150	0.7194
151	0.71815
152	0.71875
153	0.722349999999999
154	0.7236
155	0.72565
156	0.7269
157	0.7236
158	0.7206
159	0.72125
160	0.71985
161	0.7205
162	0.7197
163	0.7195
164	0.72075
165	0.71755
166	0.71925
167	0.71745
168	0.7153
169	0.71385
170	0.7087
171	0.70355
172	0.7074
173	0.706815920398009
174	0.70995
175	0.70985
176	0.711
177	0.7138
178	0.717399999999999
179	0.715771144278607
180	0.717249999999999
181	0.71405
182	0.71035
183	0.7092
184	0.70995
185	0.70915
186	0.7078
187	0.710845771144278
188	0.7089
189	0.7137
190	0.710199004975124
191	0.711
192	0.71155
193	0.71085
194	0.71385
195	0.7153
196	0.7157
197	0.715820895522388
198	0.71745
199	0.71845
200	0.72085
201	0.7236
202	0.720497512437811
203	0.7252
204	0.71855
205	0.7148
206	0.71985
207	0.7233
208	0.71865
209	0.72205
210	0.72075
211	0.71785
212	0.7295
213	0.7298
214	0.73615
215	0.73925
216	0.73975
217	0.7434
218	0.7458
219	0.74595
220	0.75175
221	0.754925373134328
222	0.75865
223	0.7663
224	0.76725
225	0.76755
226	0.76595
227	0.76085
228	0.7604
229	0.7638
230	0.76995
231	0.77
232	0.7802
233	0.7851
234	0.79225
235	0.803034825870647
236	0.8001
237	0.8
238	0.79815
239	0.798800000000001
240	0.7989
241	0.80215
242	0.8013
243	0.79885
244	0.800398009950248
245	0.797661691542289
246	0.8036
247	0.8028
248	0.80445
249	0.808750000000001
250	0.8096
251	0.810400000000001
252	0.81375
253	0.819253731343283
254	0.825671641791045
255	0.824850000000001
256	0.82065
257	0.82305
258	0.82134328358209
259	0.82205
260	0.8158
261	0.8149
262	0.815050000000001
263	0.814400000000001
264	0.814400000000001
265	0.817350000000001
266	0.820450000000001
267	0.8269
268	0.8283
269	0.83065
270	0.825800000000001
271	0.823
272	0.82255
273	0.8216
274	0.82365
275	0.8213
276	0.821
277	0.821150000000001
278	0.819650000000001
279	0.82365
280	0.8229
281	0.8196
282	0.820149253731343
283	0.8208
284	0.819751243781094
285	0.823000000000001
286	0.8207
287	0.8238
288	0.82435
289	0.8189
290	0.81715
291	0.821750000000001
292	0.82005
293	0.822050000000001
294	0.819050000000001
295	0.81965
296	0.819402985074627
297	0.8144
298	0.816850000000001
299	0.8154
300	0.81815
301	0.81755
302	0.820796019900497
303	0.82325
304	0.8229
305	0.82645
306	0.82895
307	0.829700000000001
308	0.83179104477612
309	0.83195
310	0.832700000000001
311	0.8277
312	0.829402985074627
313	0.8327
314	0.838850000000001
315	0.841890547263682
316	0.838150000000001
317	0.836150000000001
318	0.83765
319	0.836666666666667
320	0.839651741293533
321	0.84065
322	0.8458
323	0.8492
324	0.848850000000001
325	0.845074626865672
326	0.84535
327	0.84795
328	0.8476
329	0.852300000000001
330	0.8512
331	0.85525
332	0.85273631840796
333	0.85245
334	0.851949999999999
335	0.84935
336	0.847800000000001
337	0.850250000000001
338	0.849104477611941
339	0.849701492537313
340	0.84775
341	0.8502
342	0.851849999999999
343	0.85415
344	0.85745
345	0.857200000000001
346	0.855650000000001
347	0.8551
348	0.85505
349	0.8612
350	0.857
351	0.86
352	0.8637
353	0.862139303482587
354	0.859850746268657
355	0.8616
356	0.856
357	0.8564
358	0.857799999999999
359	0.853099999999999
360	0.851094527363184
361	0.848800000000001
362	0.85415
363	0.851393034825871
364	0.8487
365	0.8489
366	0.84771144278607
367	0.846019900497513
368	0.8447
369	0.8434
370	0.84405
371	0.84355
372	0.84595
373	0.8456
374	0.84645
375	0.85205
376	0.8492
377	0.8453
378	0.846550000000001
379	0.847761194029851
380	0.8508
381	0.857562189054727
382	0.8528
383	0.8576
384	0.857800000000001
385	0.85565
386	0.860749999999999
387	0.86335
388	0.86575
389	0.862949999999999
390	0.861
391	0.8652
392	0.86485
393	0.863850000000001
394	0.86565
395	0.86825
396	0.868599999999999
397	0.868999999999999
398	0.868300000000001
399	0.86905
400	0.86635
401	0.86885
402	0.8715
403	0.8719
404	0.87645
405	0.8757
406	0.875950000000001
407	0.87715
408	0.8758
409	0.8771
410	0.87725
411	0.874649999999999
412	0.8734
413	0.87675
414	0.87835
415	0.879950248756218
416	0.878706467661691
417	0.879799999999999
418	0.87925
419	0.88055
420	0.876567164179104
421	0.876865671641792
422	0.87965
423	0.8797
424	0.8805
425	0.88195
426	0.88185
427	0.88435
428	0.88645
429	0.8886
430	0.8893
431	0.8884
432	0.887661691542288
433	0.885
434	0.8829
435	0.8849
436	0.8833
437	0.8841
438	0.884
439	0.8827
440	0.88015
441	0.8801
442	0.881199999999999
443	0.8815
444	0.8861
445	0.8855
446	0.88565
447	0.8855
448	0.886517412935323
449	0.8839
450	0.88015
451	0.87885
452	0.8791
453	0.87975
454	0.87895
455	0.879049999999999
456	0.8784
457	0.8812
458	0.877462686567164
459	0.87515
460	0.87075
461	0.87665
462	0.876950000000001
463	0.8756
464	0.8799
465	0.879300000000001
466	0.871243781094528
467	0.87265
468	0.875373134328359
469	0.8718
470	0.8717
471	0.8709
472	0.869502487562189
473	0.86505
474	0.8674
475	0.867550000000001
476	0.87215
477	0.871900000000001
478	0.87225
479	0.87285
480	0.86895
481	0.864378109452737
482	0.861691542288558
483	0.8604
484	0.8637
485	0.8632
486	0.8669
487	0.86405
488	0.866300000000001
489	0.863450000000001
490	0.860646766169155
491	0.857850000000001
492	0.852835820895523
493	0.85245
494	0.856900000000002
495	0.8558
496	0.857250000000001
497	0.857050000000001
498	0.854800000000001
499	0.85525
500	0.8585
501	0.85755
502	0.85835
503	0.85885
504	0.860750000000001
505	0.864599999999999
506	0.864477611940299
507	0.8646
508	0.86905472636816
509	0.86765
510	0.866616915422886
511	0.866150000000001
512	0.867700000000001
513	0.865300000000001
514	0.865850000000001
515	0.86595
516	0.86325
517	0.86025
518	0.85615
519	0.86105
520	0.8605
521	0.86385
522	0.86205
523	0.857200000000001
524	0.85845
525	0.8573
526	0.85905
527	0.86235
528	0.8597
529	0.85525
530	0.857761194029851
531	0.8586
532	0.8609
533	0.858
534	0.8592
535	0.859700000000001
536	0.8613
537	0.8626
538	0.8644
539	0.86636815920398
540	0.8642
541	0.865700000000001
542	0.863383084577115
543	0.86115
544	0.860800000000001
545	0.85755
546	0.856567164179105
547	0.85605
548	0.860398009950249
549	0.86335
550	0.8612
551	0.863150000000001
552	0.8597
553	0.85765
554	0.860497512437811
555	0.855223880597015
556	0.852686567164179
557	0.853200000000001
558	0.85065
559	0.84925
560	0.8458
561	0.845250000000001
562	0.84455
563	0.8425
564	0.841194029850747
565	0.8391
566	0.843950000000001
567	0.845373134328358
568	0.8403
569	0.841592039800996
570	0.84255
571	0.84455
572	0.843
573	0.84455
574	0.84595
575	0.84425
576	0.843950000000001
577	0.84245
578	0.8469
579	0.849
580	0.8478
581	0.852487562189056
582	0.850099502487562
583	0.852537313432837
584	0.852700000000001
585	0.85395
586	0.8555
587	0.8505
588	0.849850000000001
589	0.850800000000001
590	0.852850000000001
591	0.8514
592	0.85155
593	0.8501
594	0.85015
595	0.8522
596	0.854700000000001
597	0.85795
598	0.860450000000001
599	0.863
600	0.863830845771144
601	0.86465
602	0.8644
603	0.8634
604	0.8678
605	0.868
606	0.871
607	0.874278606965174
608	0.87845
609	0.87805
610	0.88255
611	0.878449999999999
612	0.88025
613	0.88485
614	0.885472636815921
615	0.88455
616	0.883450000000001
617	0.88185
618	0.8823
619	0.8828
620	0.879000000000001
621	0.8805
622	0.8783
623	0.8794
624	0.8758
625	0.875250000000001
626	0.868050000000001
627	0.8662
628	0.8674
629	0.873
630	0.8743
631	0.870600000000001
632	0.873900000000001
633	0.878750000000001
634	0.87845
635	0.884650000000001
636	0.8844
637	0.881900000000001
638	0.88155
639	0.884199999999999
640	0.887810945273631
641	0.891899999999999
642	0.892299999999999
643	0.890398009950248
644	0.890749999999999
645	0.8922
646	0.887200000000001
647	0.8839
648	0.88185
649	0.88355
650	0.88525
651	0.88325
652	0.8842
653	0.880550000000001
654	0.8786
655	0.883084577114428
656	0.886716417910448
657	0.8896
658	0.889
659	0.891549999999999
660	0.8904
661	0.89115
662	0.887299999999999
663	0.883034825870647
664	0.8835
665	0.88755
666	0.886
667	0.88455
668	0.881691542288557
669	0.8776
670	0.8821
671	0.8783
672	0.87605
673	0.87545
674	0.8751
675	0.8737
676	0.8723
677	0.872636815920398
678	0.8746
679	0.87445
680	0.873283582089552
681	0.87545
682	0.8768
683	0.8728
684	0.87395
685	0.8743
686	0.877
687	0.88345
688	0.88365
689	0.8853
690	0.884749999999999
691	0.886318407960199
692	0.888599999999999
693	0.889701492537313
694	0.8876
695	0.88615
696	0.889054726368159
697	0.893
698	0.8903
699	0.891150000000001
700	0.8877
701	0.887164179104477
702	0.891900000000001
703	0.89105
704	0.8946
705	0.8952
706	0.897910447761194
707	0.899349999999999
708	0.8975
709	0.895549999999999
710	0.894079601990049
711	0.89765
712	0.89845
713	0.89665
714	0.898805970149254
715	0.903549999999999
716	0.9033
717	0.90695
718	0.904499999999999
719	0.900949999999999
720	0.899049999999999
721	0.89675
722	0.8955
723	0.893799999999999
724	0.89735
725	0.8999
726	0.8979
727	0.8911
728	0.89455
729	0.899800995024875
730	0.899899999999999
731	0.901799999999999
732	0.903482587064676
733	0.8998
734	0.90435
735	0.90375
736	0.901741293532338
737	0.901691542288557
738	0.899949999999999
739	0.9009
740	0.90385
741	0.901592039800995
742	0.896449999999999
743	0.897
744	0.89715
745	0.8985
746	0.908149999999999
747	0.90585
748	0.89845
749	0.9024
750	0.90125
751	0.905999999999999
752	0.90635
753	0.904029850746268
754	0.8982
755	0.897899999999999
756	0.900399999999999
757	0.900149999999999